0.0	0.0	3.56046e-05	7.00322e-05	50.8403
0.0	0.1	2.02621e-05	7.45166e-05	27.1914
0.0	0.2	1.59058e-05	5.99567e-05	26.5288
0.0	0.3	4.04882e-05	7.05955e-05	57.3524
0.0	0.4	1.41611e-05	9.33644e-05	15.1675
0.0	0.5	4.52611e-05	9.69255e-05	46.6967
0.0	0.6	3.7684e-05	0.000112457	33.5098
0.0	0.7	2.90659e-05	0.000110227	26.3692
0.0	0.8	5.63074e-05	6.90856e-05	81.5039
0.0	0.9	2.88852e-05	9.00267e-05	32.0851
0.0	1.0	3.47076e-05	7.76755e-05	44.6828
-0.1	0.0	4.8062e-05	8.04089e-05	59.772
-0.1	-0.1	3.23128e-05	5.43222e-05	59.4836
-0.1	0.1	1.71901e-05	6.35111e-05	27.0662
0.1	0.1	3.55624e-05	5.50812e-05	64.5636
-0.1	0.2	4.47861e-05	5.89156e-05	76.0175
0.1	0.2	2.08008e-05	5.60722e-05	37.0965
-0.1	0.3	1.12255e-05	9.50021e-05	11.816
0.1	0.3	1.50731e-05	7.02833e-05	21.4462
-0.1	0.4	6.48659e-05	8.08389e-05	80.241
0.1	0.4	2.25164e-05	6.52556e-05	34.5049
-0.1	0.5	3.87466e-05	6.38322e-05	60.7007
0.1	0.5	2.64897e-05	4.15545e-05	63.747
-0.1	0.6	3.45687e-05	7.865e-05	43.9526
0.1	0.6	2.41259e-05	9.90554e-05	24.3559
-0.1	0.7	5.70769e-05	6.4871e-05	87.9851
0.1	0.7	1.69379e-05	9.33056e-05	18.1531
-0.1	0.8	1.54667e-05	8.17666e-05	18.9157
0.1	0.8	2.74557e-05	5.59489e-05	49.0727
-0.1	0.9	3.48373e-05	8.54278e-05	40.7799
0.1	0.9	4.71341e-05	0.000100814	46.7533
-0.1	1.0	2.47424e-05	5.91101e-05	41.8581
0.1	1.0	2.50674e-05	8.94022e-05	28.0389
-0.2	0.0	3.21968e-05	3.549e-05	90.7206
-0.2	-0.1	2.73758e-05	9.95933e-05	27.4876
-0.2	0.1	4.88003e-05	4.62644e-05	105.481
-0.2	-0.2	3.54025e-05	6.19412e-05	57.155
-0.2	0.2	3.05209e-05	6.79535e-05	44.9144
0.2	0.2	2.3972e-05	5.75956e-05	41.6212
-0.2	0.3	6.583e-05	5.06044e-05	130.087
0.2	0.3	1.22337e-05	0.000136609	8.95531
-0.2	0.4	2.07427e-05	6.67789e-05	31.0618
0.2	0.4	1.99017e-05	6.72356e-05	29.5999
-0.2	0.5	2.34477e-05	9.69544e-05	24.1842
0.2	0.5	1.49366e-05	7.06611e-05	21.1384
-0.2	0.6	1.22078e-05	5.64111e-05	21.6407
0.2	0.6	2.77761e-05	6.85367e-05	40.5274
-0.2	0.7	1.58883e-05	6.62844e-05	23.9698
0.2	0.7	3.74374e-05	7.96356e-05	47.0108
-0.2	0.8	4.12598e-05	7.34156e-05	56.2004
0.2	0.8	2.16534e-05	7.587e-05	28.5401
-0.2	0.9	4.55489e-05	6.22678e-05	73.15
0.2	0.9	2.15883e-05	9.72689e-05	22.1944
-0.2	1.0	5.22015e-05	8.15978e-05	63.9742
0.2	1.0	3.25954e-05	9.92522e-05	32.841
-0.3	0.0	2.81379e-05	7.44034e-05	37.8181
-0.3	-0.1	2.31488e-05	5.50767e-05	42.0302
-0.3	0.1	2.16222e-05	5.81489e-05	37.1841
-0.3	-0.2	3.59436e-05	9.74277e-05	36.8926
-0.3	0.2	4.64909e-05	6.70233e-05	69.3653
-0.3	-0.3	1.77035e-05	7.238e-05	24.4591
-0.3	0.3	3.12863e-05	7.85556e-05	39.827
0.3	0.3	2.29858e-05	7.08655e-05	32.4358
-0.3	0.4	1.63822e-05	8.21967e-05	19.9305
0.3	0.4	3.86773e-05	6.65033e-05	58.1584
-0.3	0.5	5.70201e-05	4.605e-05	123.822
0.3	0.5	1.05885e-05	8.34734e-05	12.6849
-0.3	0.6	3.9217e-05	6.17189e-05	63.5414
0.3	0.6	1.20875e-05	8.64367e-05	13.9842
-0.3	0.7	2.08165e-05	8.75445e-05	23.7782
0.3	0.7	2.35822e-05	7.37789e-05	31.9633
-0.3	0.8	2.82851e-05	5.44922e-05	51.9067
0.3	0.8	3.19484e-05	0.000106468	30.0076
-0.3	0.9	3.58233e-05	6.93622e-05	51.6468
0.3	0.9	3.10314e-05	8.24912e-05	37.6178
-0.3	1.0	5.18805e-05	5.62345e-05	92.2575
0.3	1.0	1.84065e-05	0.000103262	17.825
-0.4	0.0	2.91784e-05	5.03933e-05	57.9013
-0.4	-0.1	4.67046e-05	4.79477e-05	97.4074
-0.4	0.1	4.92327e-05	6.23179e-05	79.0025
-0.4	-0.2	2.39657e-05	4.76133e-05	50.334
-0.4	0.2	5.20624e-05	7.82433e-05	66.5392
-0.4	-0.3	2.23353e-05	5.21767e-05	42.807
-0.4	0.3	5.79225e-05	4.258e-05	136.032
-0.4	-0.4	3.47526e-05	3.08455e-05	112.667
-0.4	0.4	4.22183e-05	6.13067e-05	68.864
0.4	0.4	2.21239e-05	6.585e-05	33.5975
-0.4	0.5	3.4828e-05	6.009e-05	57.9598
0.4	0.5	1.70246e-05	8.68755e-05	19.5966
-0.4	0.6	5.13379e-05	5.20356e-05	98.6593
0.4	0.6	2.49113e-05	9.30299e-05	26.7778
-0.4	0.7	2.98325e-05	5.56145e-05	53.6417
0.4	0.7	2.65417e-05	0.000116722	22.7392
-0.4	0.8	8.5139e-05	7.93165e-05	107.341
0.4	0.8	3.36844e-05	5.38833e-05	62.5137
-0.4	0.9	4.46044e-05	7.85689e-05	56.771
0.4	0.9	3.81934e-05	7.19878e-05	53.0554
-0.4	1.0	4.41046e-05	8.34823e-05	52.831
0.4	1.0	4.30808e-05	0.000110448	39.0056
-0.5	0.0	3.00445e-05	4.41723e-05	68.0167
-0.5	-0.1	3.44846e-05	7.22222e-05	47.7479
-0.5	0.1	4.68122e-05	6.09566e-05	76.796
-0.5	-0.2	4.96637e-05	4.54022e-05	109.386
-0.5	0.2	5.39328e-05	4.40089e-05	122.55
-0.5	-0.3	3.24858e-05	8.62844e-05	37.6497
-0.5	0.3	6.5664e-05	7.01889e-05	93.5532
-0.5	-0.4	3.33532e-05	4.19745e-05	79.4608
-0.5	0.4	2.42405e-05	5.62056e-05	43.1283
-0.5	-0.5	4.22225e-05	4.62745e-05	91.2436
-0.5	0.5	2.77943e-05	3.89656e-05	71.3303
0.5	0.5	2.75697e-05	9.93045e-05	27.7628
-0.5	0.6	1.80776e-05	5.26511e-05	34.3347
0.5	0.6	2.68368e-05	9.98e-05	26.8905
-0.5	0.7	1.64683e-05	7.53456e-05	21.857
0.5	0.7	2.48944e-05	9.51311e-05	26.1685
-0.5	0.8	3.39062e-05	6.53432e-05	51.8894
0.5	0.8	1.86396e-05	9.70422e-05	19.2077
-0.5	0.9	5.78632e-05	7.34377e-05	78.7921
0.5	0.9	4.0118e-05	0.000118269	33.921
-0.5	1.0	4.00378e-05	7.57478e-05	52.8567
0.5	1.0	3.86044e-05	9.46644e-05	40.7803
-0.6	0.0	4.00923e-05	4.99567e-05	80.2542
-0.6	-0.1	6.89311e-05	5.29033e-05	130.296
-0.6	0.1	6.87879e-05	5.55589e-05	123.811
-0.6	-0.2	2.9118e-05	4.03211e-05	72.2152
-0.6	0.2	6.10818e-05	5.52366e-05	110.582
-0.6	-0.3	4.61029e-05	5.69777e-05	80.914
-0.6	0.3	4.24279e-05	4.75244e-05	89.2759
-0.6	-0.4	4.55473e-05	3.74755e-05	121.539
-0.6	0.4	7.37147e-05	6.203e-05	118.837
-0.6	-0.5	6.27371e-05	3.85999e-05	162.532
-0.6	0.5	2.36552e-05	7.74077e-05	30.5593
-0.6	-0.6	4.89997e-05	3.94866e-05	124.092
-0.6	0.6	4.16983e-05	6.5491e-05	63.6702
0.6	0.6	4.28236e-05	0.000114809	37.2999
-0.6	0.7	1.4252e-05	4.803e-05	29.673
0.6	0.7	2.50045e-05	9.31499e-05	26.8433
-0.6	0.8	6.04418e-05	5.70555e-05	105.935
0.6	0.8	6.08652e-05	0.0001041	58.468
-0.6	0.9	6.26523e-05	6.64277e-05	94.3165
0.6	0.9	5.0763e-05	0.00012009	42.2708
-0.6	1.0	5.62672e-05	6.40823e-05	87.8046
0.6	1.0	3.34801e-05	9.48889e-05	35.2835
-0.7	0.0	4.38197e-05	4.32222e-05	101.382
-0.7	-0.1	5.52407e-05	6.12211e-05	90.2314
-0.7	0.1	4.89078e-05	3.81523e-05	128.191
-0.7	-0.2	6.68219e-05	5.00889e-05	133.407
-0.7	0.2	3.00404e-05	4.48823e-05	66.9314
-0.7	-0.3	1.96738e-05	4.88667e-05	40.2601
-0.7	0.3	2.75288e-05	3.89056e-05	70.7579
-0.7	-0.4	5.98953e-05	4.58223e-05	130.712
-0.7	0.4	6.35992e-05	5.30655e-05	119.85
-0.7	-0.5	9.54139e-05	4.18978e-05	227.73
-0.7	0.5	5.01584e-05	8.56723e-05	58.5468
-0.7	-0.6	7.67657e-05	2.93778e-05	261.305
-0.7	0.6	7.27462e-05	4.82445e-05	150.786
-0.7	-0.7	8.08406e-05	6.099e-05	132.547
-0.7	0.7	5.46244e-05	5.34656e-05	102.167
0.7	0.7	3.07298e-05	8.8721e-05	34.6365
-0.7	0.8	3.03496e-05	6.66633e-05	45.5267
0.7	0.8	3.56186e-05	9.22545e-05	38.609
-0.7	0.9	6.6554e-05	7.50022e-05	88.736
0.7	0.9	8.54888e-05	8.52722e-05	100.254
-0.7	1.0	5.31142e-05	7.04778e-05	75.3629
0.7	1.0	3.62703e-05	9.52521e-05	38.0782
-0.8	0.0	7.11539e-05	3.48199e-05	204.348
-0.8	-0.1	5.48087e-05	4.34222e-05	126.223
-0.8	0.1	4.46243e-05	9.62545e-05	46.3608
-0.8	-0.2	6.19276e-05	3.16389e-05	195.733
-0.8	0.2	4.92452e-05	4.80833e-05	102.416
-0.8	-0.3	7.26331e-05	4.36678e-05	166.331
-0.8	0.3	4.78512e-05	4.02533e-05	118.875
-0.8	-0.4	9.5101e-05	3.78033e-05	251.568
-0.8	0.4	4.31898e-05	3.80356e-05	113.551
-0.8	-0.5	6.19923e-05	2.46611e-05	251.377
-0.8	0.5	7.38085e-05	4.90489e-05	150.479
-0.8	-0.6	6.44902e-05	5.65189e-05	114.104
-0.8	0.6	6.14645e-05	7.56778e-05	81.2187
-0.8	-0.7	5.93051e-05	2.42211e-05	244.849
-0.8	0.7	5.23115e-05	4.66489e-05	112.139
-0.8	-0.8	7.6561e-05	3.24767e-05	235.741
-0.8	0.8	8.41641e-05	5.75078e-05	146.352
0.8	0.8	1.01423e-05	0.000108093	9.38295
-0.8	0.9	6.83503e-05	8.39277e-05	81.4395
0.8	0.9	2.83231e-05	7.85644e-05	36.0508
-0.8	1.0	6.70051e-05	7.93044e-05	84.491
0.8	1.0	3.83943e-05	9.03156e-05	42.5113
-0.9	0.0	6.94231e-05	5.15378e-05	134.703
-0.9	-0.1	6.45916e-05	3.87377e-05	166.741
-0.9	0.1	7.03734e-05	4.59367e-05	153.196
-0.9	-0.2	7.41792e-05	3.82211e-05	194.079
-0.9	0.2	8.30193e-05	6.39512e-05	129.817
-0.9	-0.3	8.18533e-05	3.48922e-05	234.589
-0.9	0.3	0.000121173	7.40379e-05	163.664
-0.9	-0.4	0.000124539	3.48744e-05	357.108
-0.9	0.4	9.38702e-05	6.24078e-05	150.414
-0.9	-0.5	0.000118166	3.129e-05	377.649
-0.9	0.5	6.25697e-05	4.95333e-05	126.318
-0.9	-0.6	0.000114079	3.72656e-05	306.125
-0.9	0.6	9.9901e-05	7.18689e-05	139.004
-0.9	-0.7	0.000109491	3.97589e-05	275.388
-0.9	0.7	0.000122361	3.83212e-05	319.304
-0.9	-0.8	0.000137833	2.09678e-05	657.356
-0.9	0.8	0.000107673	6.16389e-05	174.683
-0.9	-0.9	0.000136134	2.24633e-05	606.027
-0.9	0.9	0.000115511	6.67078e-05	173.159
0.9	0.9	3.1757e-05	0.000119784	26.5118
-0.9	1.0	0.000141957	7.51033e-05	189.015
0.9	1.0	5.95679e-05	0.000100502	59.2703
1.0	1.0	6.50056e-05	9.14944e-05	71.0487
